Sensitivity: 0.996686
PPV: 0.997314
F1: 0.997000
TP: 1117337
FP: 3009
FN: 3715
