Sensitivity: 0.997169
PPV: 0.989518
F1: 0.993329
TP: 1117878
FP: 11842
FN: 3174
