Sensitivity: 0.996145
PPV: 0.994721
F1: 0.995433
TP: 1116730
FP: 5926
FN: 4322
